n = 8
1 0.216587 0.0532366 0.0134143 0.00332198 
n = 16
1 0.180395 0.0448264 0.0117822 0.00311212 0.000820762 0.000215868 5.65706e-05 1.47541e-05 
n = 32
1 0.139334 0.0343688 0.00910136 0.00242939 0.000648871 0.000173282 4.62636e-05 1.23482e-05 3.29478e-06 8.78809e-07 2.34307e-07 6.24413e-08 1.66313e-08 4.42702e-09 1.17756e-09 3.12961e-10 
n = 64
1 0.103188 0.0252708 0.00669995 0.00179224 0.000479847 0.00012848 3.44004e-05 9.21041e-06 2.46594e-06 6.60196e-07 1.76746e-07 4.73166e-08 1.26667e-08 3.39075e-09 9.07636e-10 2.42946e-10 6.50264e-11 1.7404e-11 4.65788e-12 1.24653e-12 3.33577e-13 8.92609e-14 2.38836e-14 6.39027e-15 1.71021e-15 4.59748e-16 1.31092e-16 5.73687e-17 4.79293e-17 4.71819e-17 4.7128e-17 4.71241e-17 
n = 128
1 0.0747177 0.0182158 0.00482958 0.00129252 0.000346238 9.27577e-05 2.485e-05 6.65738e-06 1.78352e-06 4.77807e-07 1.28005e-07 3.42923e-08 9.18685e-09 2.46113e-09 6.59328e-10 1.76631e-10 4.73185e-11 1.26763e-11 3.39589e-12 9.09731e-13 2.43708e-13 6.52868e-14 1.74896e-14 4.68538e-15 1.25566e-15 3.3829e-16 9.74979e-17 4.44478e-17 3.78844e-17 3.73691e-17 3.73319e-17 3.73292e-17 3.7329e-17 3.7329e-17 3.7329e-17 3.7329e-17 3.7329e-17 3.7329e-17 3.7329e-17 3.7329e-17 3.7329e-17 3.7329e-17 3.7329e-17 3.7329e-17 3.7329e-17 3.7329e-17 3.7329e-17 3.7329e-17 3.7329e-17 3.7329e-17 3.7329e-17 3.7329e-17 3.73288e-17 3.73265e-17 3.72947e-17 3.69735e-17 3.62416e-17 3.60531e-17 3.60371e-17 3.60359e-17 3.60358e-17 3.60358e-17 3.60358e-17 3.60358e-17 
n = 256
1 0.053473 0.0130038 0.0034473 0.000922676 0.000247196 6.62326e-05 1.77462e-05 4.75489e-06 1.27402e-06 3.41357e-07 9.14624e-08 2.45062e-08 6.56614e-09 1.75932e-09 4.71386e-10 1.26302e-10 3.3841e-11 9.06726e-12 2.42945e-12 6.50941e-13 1.74413e-13 4.67384e-14 1.25482e-14 3.45492e-15 1.22049e-15 8.6001e-16 8.28116e-16 8.25779e-16 8.25611e-16 8.25599e-16 8.25598e-16 8.25598e-16 8.25598e-16 8.25598e-16 8.25598e-16 8.25598e-16 8.25598e-16 8.25598e-16 8.25598e-16 8.25598e-16 8.25598e-16 8.25598e-16 8.25598e-16 8.25598e-16 8.25598e-16 8.25598e-16 8.25598e-16 8.25598e-16 8.25588e-16 8.25452e-16 8.23573e-16 7.98967e-16 6.13859e-16 3.78385e-16 3.34393e-16 3.30796e-16 3.30536e-16 3.30517e-16 3.30515e-16 3.30515e-16 3.30515e-16 3.30515e-16 3.30515e-16 3.30515e-16 3.30515e-16 3.30515e-16 3.30515e-16 3.30515e-16 3.30515e-16 3.30515e-16 3.30515e-16 3.30515e-16 3.30515e-16 3.30515e-16 3.30515e-16 3.30515e-16 3.30515e-16 3.30515e-16 3.30514e-16 3.30501e-16 3.30331e-16 3.29163e-16 3.28031e-16 3.27872e-16 3.27859e-16 3.27859e-16 3.27859e-16 3.27859e-16 3.27859e-16 3.27859e-16 3.27859e-16 3.27859e-16 3.27859e-16 3.27859e-16 3.27859e-16 3.27859e-16 3.27859e-16 3.27859e-16 3.27859e-16 3.27859e-16 3.27859e-16 3.27859e-16 3.27859e-16 3.27859e-16 3.27859e-16 3.27858e-16 3.27857e-16 3.27836e-16 3.27559e-16 3.25687e-16 3.23917e-16 3.23672e-16 3.23653e-16 3.23651e-16 3.23651e-16 3.23651e-16 3.23651e-16 3.23651e-16 3.23651e-16 3.23651e-16 3.23651e-16 3.23651e-16 3.23651e-16 3.23651e-16 3.23651e-16 3.23651e-16 3.23651e-16 3.23651e-16 
